# Created by Octave 4.2.2, Mon Nov 04 14:19:20 2019 CET <migap@migap-Lenovo-B50-30>
# name: joints
# type: matrix
# rows: 4
# columns: 19
 0.9042792097136403 0.8987279929407673 0.8940966532136766 0.8902394106134814 0.8878473342871334 0.885805790766234 0.883552834863551 0.8807497535407244 0.8770953900447518 0.8699688919974832 0.8665660976217407 0.858840425034331 0.8485054332644487 0.8346458573676073 0.8160773416685381 0.7913692880171698 0.7667871491937804 0.7982154343785993 0.8109157829597372
 2.32735992864861 2.390254167812835 2.398494774819764 2.377566351350984 2.349339555886532 2.318650361052944 2.286894905331169 2.254404101204329 2.220942888765322 2.170527822579241 2.144897200877929 2.109319799437436 2.069795055046372 2.025911624099121 1.977431038120823 1.924481112575822 1.881369805346675 1.702359424024672 1.535360786301115
 0.4662733136836612 0.4581336625075937 0.5594058659749815 0.5982253197872198 0.5933973509029713 0.559730515346927 0.5043427265282999 0.4315465931101511 0.344501626495491 0.2370966149261955 0.1380138313260986 0.03646626528012434 -0.07360579890646071 -0.1907872916280066 -0.313467767848897 -0.4394739076616316 -0.5568568272499911 -0.4668742722701268 -0.4900754157867726
 0.4276107217481972 0.3348506217219637 0.1077479958412097 -0.07969893435122313 -0.2386851896692681 -0.3794711474130908 -0.5060707095249539 -0.6199901924826853 -0.7217525390301669 -0.6197232627348925 -0.6911379643801615 -0.7625416525006447 -0.8234763661409336 -0.8745169556002123 -0.9167326079858283 -0.9519012230887732 -0.7761412795027541 -0.9035171563376396 -0.9035171267167117


