# Created by Octave 4.2.2, Mon Nov 04 15:05:01 2019 CET <migap@migap-Lenovo-B50-30>
# name: joints
# type: matrix
# rows: 4
# columns: 25
 0.9140630541340024 0.9215347701069767 0.9230702838998227 0.9028671684306762 0.893140214980704 0.8892602535492051 0.8869799396188504 0.88493754247933 0.8825402526696213 0.8794142441137841 0.8768835119636379 0.8768207207373278 0.8774172842797514 0.8779383106338345 0.8773443243111436 0.8752244376842832 0.8700715916914283 0.8594864298353553 0.8406715183620096 0.9245591154532566 0.9250175263782822 0.9262432805936723 0.9287685375478379 0.9305900967555661 0.9317315869251693
 2.381284642085679 2.449007492180441 2.522314150413257 2.510288721385552 2.455452851531016 2.407066146848059 2.363531064597638 2.323334194788004 2.285352074149398 2.248460738369899 2.228506032914841 2.224480117694953 2.233849534554438 2.23824388184878 2.234091591426985 2.221886800202741 2.197453190264672 2.155598432555754 2.091309897512593 1.265494603535635 1.259497411207221 1.236650319114911 1.177609958331957 1.112824575278867 1.041446266138611
 0.5184010217675722 0.5440389962214802 0.4311828031719476 0.6693067994468774 0.7323886475115201 0.7284911082647763 0.6894700404005301 0.6260948433360596 0.5440924974651161 0.4474645418993672 0.540034632421545 0.611354551604712 0.4819381803722385 0.349230510765574 0.2916197749571459 0.2162138594274892 0.1237311865290082 0.01681862398329898 -0.0959075394360044 0.1522443990312472 0.104760514598688 -0.02101627071064142 -0.1281100490505315 -0.2347560695786728 -0.3395421637718573
 0.5717335785497535 0.4337319576956641 0.4487166119092837 0.09650084703375769 -0.129773210258548 -0.3073776273601769 -0.4616325221717289 -0.5996273574860257 -0.7236237916440161 -0.8342812443359346 -0.9833252637677766 -1.107431884451581 -1.172553008266013 -1.225695494275108 -1.093829921031183 -0.9630526289199201 -0.8325626878101138 -0.7037460625743056 -0.5829689942986973 -1.287741032844283 -1.147386172674061 -1.175217610679002 -1.222782121008378 -1.262584672346593 -1.295861141553881


