# Created by Octave 4.2.2, Mon Nov 04 11:16:57 2019 CET <migap@migap-Lenovo-B50-30>
# name: obstacles
# type: matrix
# rows: 3
# columns: 3
 6 2 0.5
 13 9 2
 16 18 1


